Function A: ADD 691
Function B: MULTIPLY 83
Function C: RAISE TO THE POWER OF 3

6781
5349
9480
2425
3900
8702
9758
8136
8922
6557
8928
9622
5213
9504
8973
8485
6225
7788
2692
6334
4108
9488
5100
3868
3465
7133
7735
3970
3533
5767
6406
7611
2766
7599
9844
2495
6632
4579
5440
5674
6036
3108
1203
1373
4155
2777
3936
1003
8988
7776
5191
1533
6242
6813
5076
8051
3873
8709
5209
1013
7164
9353
5234
4516
6391
2224
4242
5974
2206
5646
8351
5836
1473
1589
8802
3119
1016
3567
9870
8807
4989
3926
4422
5039
6815
6169
2634
8120
8866
4434
5746
3287
1804
1285
2803
7496
6005
5436
9208
1042
9103