389632
530616
224089
732168
134698
980664
150568
151235
467451
498026
271450
413963
250490
933300
973174
451537
70971
31612
760091
557449
953488
390377
796822
688757
874265
71238
67274
922876
302658
762430
795759
160427
771255
35894
701048
287942
83608
311413
73916
986162
259758
749084
492173
973226
838928
474057
60507
284476
880349
27955
746921
896688
334946
68578
503600
197771
699518
472078
461415
835433
913478
73461
902712
830655
446128
717555
654942
491858
971906
269361
565932
244327
401401
415649
447275
219577
523712
763080
797065
774104
638020
846542
551188
480083
72235
21287
584256
935530
841266
969088
187607
622380
716001
616427
851632
424309
124389
367333
465667
264203
35627
480110
587000
666358
603892
804903
557633
391231
832708
447033
355414
952132
741865
661675
598095
137276
693509
919577
789271
891539
211656
123443
917294
505576
634260
162153
60228
414757
805790
770414
656004
845933
244433
579533
546571
619357
954348
944952
778380
566344
816606
126625
421110
835261
329780
130416
650212
704473
538988
49279
539779
604054
82772
744480
178148
755474
865835
371180
790183
133926
560753
169193
52176
879203
649777
681465
265254
537923
822125
619049
641841
273229
260537
329019
11714
93218
448300
197061
244867
237551
789521
798594
209018
348140
292869
466030
853852
819268
429971
594154
419382
307659
249904
402690
231162
422974
830637
38344
952047
568100
250953
783802
642012
572388
795593
432724
236517
768663
272486
393889
111266
674891
575969
942616
778754
475399
17852
154838
476892
15422
560891
382916
694348
636766
262642
912590
806212
950247
312199
13691
976262
67833
185356
50107
287896
828765
635043
556727
950975
988198
939627
249903
657688
267496
208582
137867
945485
57106
226186
695220
775215
766876
657529
879094
372445
169094
581506
489674
116600
332726
158346
863272
570840
495579
134558
834822
527792
282466
768069
589803
91665
949648
939090
550322
468378
997060
510726
526138
308100
899383
621242
970932
353632
895223
367819
783966
864924
379960
941151
588905
515975
686346
641627
608789
193631
247421
979062
48374
501256
885871