984669554 10
111000010111101101111011 2
136210539 10
12A397D2 16
100100110101110000011101101 2
11000111100000001010011100110 2
779268467 10
486096434 10
1BD9B9B0 16
1720F90F 16
213259254 10
295D57C1 16
1103601271 8
3A7E5C25 16
5167015105 8
716374354 8
24F20F3 16
252434281 10
51669670 10
659E246 16
FD7BCB0 16
2061001336 8
104636938 10
11000110101010001011111001000 2
10100001001001111011100001000 2
5B18974 16
11100100111101000011110101100 2
110010001111011100111100010000 2
170445749 10
3617035535 8
101A7802 16
3622C36A 16
3377423727 8
6350515612 8
36B0893A 16
536722476 10
307763263 10
CC337D7 16
111100011011011001110010111 2
111010010101100101101000010110 2
7C9B7E1 16
101101110000010010110010111 2
742645136 10
100000101100101111100111000110 2
101011011011011010100011001101 2
5636044650 8
571555225 10
1B9CA300 16
B962976 16
331204646 10
14B5377 16
10100010011000101001100101000 2
2222051345 8
955C0AB 16
171339771 10
10101000010111001011110000111 2
45518356 10
297521879 10
5436630515 8
7306206303 8
1110011011011000011000000000 2
278870884 10
2270735546 8
108252374 10
110100001110100011011011101110 2
709063721 10
568793291 10
1262453257 8
178246209 10
973616684 10
342976219 10
285C910A 16
101111000011101100001010100001 2
711726463 8
1F1B5DA9 16
110101010010110010101111000111 2
451290694 10
4782D42 16
250386240 10
151544070 8
100100101101101110100011110010 2
562657674 8
774833437 10
557165095 10
719896B 16
100100111010001001000111000011 2
561050142 10
20AE9C69 16
811794455 10
388364811 10
38FD45E 16
2553044335 8
4025523727 8
10101000001101111111100010 2
447415737 8
110101011011011111011100011110 2
454224135 10
1555547402 8
110111010010100001011100011000 2
10111001000100101001111010010 2
11000100011001011001010001010 2
100110000001101110100101001010 2
101001010000001010111011100000 2
315589827 10
312D26C3 16
100011001001001001101001101001 2
DB20574 16
1001001000000011000111011 2
100000101111010000011011010011 2
6502633177 8
10111010111001111100100100111 2
277675001 8
4650604742 8
161344541 10
64553764 8
443520282 10
988F44A 16
676751127 8
6350120767 8
931909426 10
320684298 10
491634619 10
110000110101100100110110101001 2
11011100101110010000111001011 2
222EF9F4 16
627393144 10
101100110100110001101101010011 2
925134886 10
101010111101110010011000111000 2
793390788 10
4364410174 8
101111010001111011000011010111 2
1CE9DE7F 16
80610276 10
11001101101001100110110000100 2
27217B44 16
263480727 10
149356629 10
1522176714 8
3526537372 8
3812FEC 16
6364146416 8
100110000100011001101111101110 2
616232968 10
4104021676 8
6576444312 8
928413874 10
16F9FD7C 16
1506D4A8 16
21D74E7F 16
526746948 10
5746043065 8
2613474212 8
3655627056 8
4566165640 8
3244355146 8
1756412431 8
7ACC34D 16
877981700 10
797285771 10
241175355 8
11452DC5 16
111001001001011101001010100111 2
581152810 10
512600747 8
2207EA74 16
21A18E90 16
3546325074 8
101110011100001100001001100111 2
111000001111011011011001110000 2
710311507 8
416107057 8
1C6C4899 16
167180496 10
2922C968 16
11111001000111110000000010110 2
11000100000100111001000101110 2
3B2F4071 16
4424153221 8
1C48DEB5 16
38330007 16
535460275 8
680145893 10
805685169 10
835005695 10
3125626723 8
646459930 10
10001010000100110111110010100 2
3357443701 8
3A8FC70A 16
100010011011110011101101001110 2
26C951F 16
121E3D9A 16
187C5E43 16
FB8FCBB 16
17B7F92C 16
2B454BCC 16
11111010001110011110001110100 2
2CEB35CA 16
100011101110010100100001100111 2
334266132 10
11011010100000111011011110 2
354470407 10
415152143 10
1647501066 8
3731232130 8
D103588 16
1931F4F2 16
4753236355 8
453904363 10
101010110101101110101011110 2
828199 10
100011100010110111010100001 2
202247262 8
388D0FF4 16
857068072 10
604207199 10
572167465 10
37617237 8
557935895 10
1C27CAF3 16
10111110011100010110111000 2
2577667366 8
494258051 10
980291303 10
10100011101011011110001010010 2
2E9057CD 16
4C4F135 16
111000101101101000101111011 2
2C49BB00 16
238398909 10
909797991 10
426137469 10
1152413337 8
EFDC33 16
207418167 10
11010101011001001111110001100 2
B3E7FC6 16
5442330071 8
4222234567 8
4307637354 8
985825086 10
101010110000100000101011000111 2
5604620250 8
110100001100011011010110010111 2
1001000110101001111011011 2
756817424 10
100010110000110110001101100111 2
40848648 10
110010011010101011010000000100 2
3437EF48 16
371A6C84 16
818230026 10
100011100001101010000101011011 2
101111111010001111000111011111 2
3357150337 8
180549C8 16
5341255225 8
111100011010000110000110 2
213634516 8
4345316140 8
13A27EE5 16
11000100100000101001100010010 2
111110010001010100100001011 2
340581135 10
27F20CF9 16
82758210 10
3003567621 8
556413908 10
851884051 10
110100001011101101001001101000 2
101101011010011010001111001101 2
100011010110001011100000110110 2
580019457 10
352929B3 16
1DBD7694 16
101010011011010011111010101001 2
4177176426 8
1000001110100000111001110000 2
111001000100010011101001111110 2
100110001001001100011000000111 2
4375264154 8
767402771 8
D862A97 16
128952005 10
674023026 8
7166225442 8
1333420551 8
10110000000101111011101001 2
1101010101100011001101010000 2
6764357347 8
5601524102 8
181763354 10
11011101010110111110110110 2
101101010110111110000001010101 2
5704505002 8
111100010110101011111111110 2
1100111100100011100110100010 2
2106635422 8
904838847 10
457660755 10
4067321722 8
376238952 10
5315530363 8
100001001000101100100011001 2
212DDBAA 16
432B108 16
4333213646 8
919505362 10
4524143043 8
10110101101011000011111001001 2
36790F2A 16
174743723 10
61976208 10
592065280 10
1C7A580E 16
335785075 10
351F1E70 16
100001100111010111111101001001 2
11111011101010000001110010001 2
1101100000010000010110101100 2
5706666505 8
2072622214 8
10001100000011100001111111 2
10000110100010100010100110011 2
442080812 10
1A06D4CD 16
19A7239B 16
1001000010001000100101101011 2
84A84D9 16
1624767113 8
245F1A51 16
83BEADA 16
3026956E 16
101000000111111110100111011111 2
32868928 10
6660522521 8
100111000101011001111000001011 2
100100111000111111111000111110 2
857284426 10
244001 10
4ECA922 16
100000111011101101100010011110 2
10100111011110100001001010110 2
1A1AF572 16
2540076541 8
1745647452 8
77D82CC 16
164672402 10
3346433327 8
559707891 10
4663415603 8
368830987 10
23145202 8
100000111001110000001110110101 2
1167150120 8
3364723717 8
414507444 8
569788720 10
7064577746 8
11110011110001000101100110 2
2B8704E4 16
100001010010111101010101111110 2
1622445471 8
396677222 10
6AA5B77 16
1111101000011101111000101010 2
10010000010100001011101100 2
FAD80A5 16
100111100111011111000011011010 2
1506566044 8
608542846 10
100100100000101011010001111011 2
1321565544 8
279788877 10
2607516670 8
292881557 10
5F06AB 16
3B4AF439 16
3616647067 8
7016142770 8
727104647 8
1AD5ED0B 16
3B5F8C85 16
1C6584C0 16
5047651450 8
2437205041 8
101011101100101011100010010010 2
7310174221 8
11010110101010100010110 2
3247236656 8
5654275650 8
640015230 10
1722370230 8
17DB6654 16
1B60CC07 16
6567421527 8
359128457 10
256314270 10
2121169 16
461707573 10
100001100011111110010011101101 2
3225736006 8
1697F9B0 16
11111100101000011110111001 2
2EF36F99 16
2314502367 8
5405360313 8
2107A476 16
2755415355 8
968595944 10
24B7920E 16
524905482 10
2671634031 8
101000100100101010011101101111 2
2163262633 8
110110101010100011110011000001 2
3275132241 8
3741236662 8
720857795 10
11101001011110011110010001011 2
4720260402 8
1011000010000000101010010011 2
11001100011001101000111001111 2
10111101000111101001000100 2
767123402 8
650960830 10
10100001101100100010011101100 2
3601430314 8
110101001010001010000111111111 2
109670755 10
1001000101101100011011000010 2
10110110110000111100101000 2
100101000000000010101101100000 2
239048631 10
504575836 10
3037624664 8
517262530 8
1D84AEAE 16
101010101100011000011011000101 2
100111001101101001101100001001 2
3354052474 8
1010011010101000011100001111 2
F03F05E 16
1D76A7C0 16
2861F91F 16
457650605 10
101101000111001111110001010110 2
33C2A2A9 16
5757022667 8
100000111001100001010011001011 2
10100101011100011111111110100 2
825224926 10
39646866 16
165203047 10
6640666630 8
6477512657 8
6660710256 8
11111110111001100110111111000 2
2002551133 8
1716E63F 16
1000000101100101011010001000 2
1010010110000100111001010000 2
726194050 10
2F03DB4C 16
983048213 10
2233A1BA 16
838853428 10
278078163 10
FC6304C 16
493522722 10
100011111110111111111010011000 2
2631322546 8
32FAA688 16
3A8D7B54 16
415040061 8
328572952 10
A3BCA32 16
11100000010011000010111000101 2
4571252141 8
11101011111111001011110001001 2
4225663370 8
2AB3A601 16
5335241507 8
110110100010000100100010001111 2
457002163 10
2139143B 16
6622070416 8
8B18F33 16
6735655106 8
948714357 10
11110011011011001000010100110 2
756007490 10
555965150 10
111010110011010111110000010111 2
8B18727 16
646471625 10
33248E51 16
1602347471 8
6374517536 8
2BA57179 16
1E649AC2 16
6063064715 8
10111001111001001010100110100 2
110101001000100111110100101000 2
100110010111011010101111111101 2
744466492 10
11101111100101010110000010010 2
2127072771 8
1939FFCA 16
2515474112 8
876657149 10
6075716166 8
11011011110100001000000011011 2
2735641335 8
3050754610 8
779150439 10
31D5B17F 16
100101010111011001100110100011 2
1001101101010110101100101101 2
D7549AA 16
1111001111111011100100011000 2
268947908 10
98D5EBF 16
605001280 10
101100111100101101100011100010 2
100111000000001010000101000010 2
252442405 8
381813139 10
3163150622 8
6454634371 8
101111010100011100011110011001 2
333740597 10
4650042607 8
146084821 10
11000111001000010000010011000 2
631A9B9 16
CE3D71A 16
3588DBB8 16
625973736 10
3306390 16
13CDA11D 16
DDF433 16
162997651 10
1111001011111101010100101111 2
320670069 10
2131155621 8
2CB2F303 16
100101001011000100011000001011 2
2124103251 8
466878108 10
46606771 8
100100101000111110001010010110 2
21C29F2C 16
89341238 10
944913776 10
101000110000011000000101111010 2
7005623060 8
2CAB9B35 16
111011011111100101111000111010 2
1008288E 16
101000100101111010000101001000 2
866294908 10
217881AF 16
7305651516 8
6676027325 8
364895966 10
117326212 10
5667606027 8
855900043 10
100723700 10
100011100101010010000100001 2
3605FDC9 16
10003945 16
540E632 16
7205525445 8
6632372150 8
1141D369 16
3B32F729 16
30DA2A30 16
3267344311 8
2035747447 8
859479469 10
101001111110000101100110011011 2
111001011001010001101111111101 2
10001111000001010111101101 2
101101110011001000001110100 2
340D4189 16
4151140226 8
1D541587 16
301828511 10
10110000101110000000100 2
9621599 10
1E4FD0C1 16
29B9DEDC 16
242842185 10
4367161645 8
6502632747 8
771502543 8
10C30535 16
3714557445 8
10011110010110111001111001 2
10861DC0 16
4765165124 8
101101001001011000011011111100 2
2DB7C00D 16
6011016045 8
11101110110101000111101011010 2
37ABB3ED 16
101110101101010010101001110110 2
3253272515 8
100010010111111111000000001 2
2101576255 8
1213477F 16
372542571 8
104B4BD3 16
946264783 10
5345102374 8
1000110100111101111010011111 2
320630310 10
11111100100110001011100111111 2
110011010101010111111101001000 2
355518578 10
100101010101001011110010001 2
5245640020 8
6447112141 8
6FD71A5 16
3363575333 8
3456361265 8
5121411703 8
311035141 10
120424167 10
173224273 8
5545537756 8
6310025451 8
6674633120 8
792456446 10
2471704742 8
265981059 10
561089558 10
601067606 8
110100110110111111110101100011 2
23F5D780 16
5492B66 16
1011001110011100011110111100 2
101001110000011011101100000010 2
356263144 8
BE2DE72 16
100100101010110001010101000010 2
1D6B8BD2 16
AEB0CE4 16
146392D0 16
3511766330 8
1250435102 8
6202411772 8
2F7CE24 16
250420266 8
571330656 10
158B7DCD 16
101110101111011001001010000010 2
407714243 8
11000010000101101001100010010 2
420214843 10
100011000011001001101010110010 2
339104467 10
315316692 10
11110001010000001010101101011 2
857126334 10
662834820 10
569602225 10
101011010100000101010111110001 2
35E66293 16
8D1D6B4 16
2744154030 8
7063543255 8
10001011101001011100101011101 2
305717146 10
5AD7102 16
101011000011111101110100111000 2
100010001011111011001001100100 2
11011011011110000000001110001 2
A7E2C93 16
488785264 10
932826357 10
6762325506 8
436614210 10
110111111001100011001001110100 2
433355405 10
33295A3 16
708C9CE 16
4133372031 8
1001100111010100100110011101 2
63556094 10
88911372 10
101001011001000000000100001100 2
1C9ED183 16
811878811 10
11010001011111001101100100101 2
5155326243 8
646170260 10
A0ED61F 16
110000001111111010101100100100 2
3170EEC8 16
14F5CE34 16
1110100000111110110000100000 2
6151303545 8
1456470565 8
C379C9D 16
929993926 10
817950138 10
100001100100010010101100110101 2
FBAA0C3 16
65538183 10
110001010001101000111111100 2
321561749 10
959692092 10
6324666446 8
1322140754 8
100011111110101110101011110101 2
11011000000001101101011110101 2
AA28BD2 16
589233331 10
100100000111111011011000111111 2
7107022535 8
6640713661 8
687080679 10
369279523 10
630396241 10
166F35F9 16
941644638 10
297B76C 16
5566734430 8
110011100100010100101111000110 2
527222841 10
426881112 10
10010010100000100001110101101 2
101C01F1 16
3444752762 8
7151074175 8
101100100011010000100000110111 2
1A3039A6 16
7045322164 8
20630E94 16
1397E4B9 16
1246172627 8
394087514 10
10110101000101000100011101010 2
2B2D6D6D 16
23E04DFE 16
2713474102 8
1A70A656 16
720657754 10
372414831 10
31F4244A 16
4167753671 8
1101010010101110110110100001 2
225813315 10
127402995 10
174431726 10
400463730 10
6616571341 8
572555903 10
844923171 10
2175210B 16
6566126234 8
354022390 10
110111101010000001000011000000 2
108CC828 16
315B344 16
48807510 10
188458058 10
111010001011111110101000100000 2
843873382 10
598471219 10
205896552 10
2645542453 8
66E1B93 16
70966196 10
725677203 10
11101001001011111000100100100 2
4024422163 8
32E02ED2 16
4655747261 8
35F0A523 16
111001111101100101011001100001 2
1110100111110001000111011001 2
110001000111001101010010111101 2
E97844B 16
3428332F 16
110011110111111110101000000110 2
185740819 10
2EF4F954 16
1017327756 8
100100011111010111101000010000 2
267025037 8
865166509 10
100010101100001011000111011100 2
10101110011011111110100100001 2
656794985 10
111111101011101000100111 2